```bash
echo -e "sample\tROI_Q30_depth\tchr12_Q30_depth\tgenome_Q30_depth\tgenome_raw_depth\tROI_chr12_ratio\tROI_genomeQ30_ratio\tROI_mapq" \
> all_samples_ROI_coverage_analysis.txt

for roi in *.chr12_22.97-23.05Mb.coverage_Q30.tsv; do

    # Get sample name from filename
    sample=${roi%.chr12_22.97-23.05Mb.coverage_Q30.tsv}

    q30_file="${sample}.coverage_Q30.tsv"
    raw_file="${sample}.coverage.tsv"

    # Mean Q30 depth and MAPQ within the 80 kb ROI
    roi_depth=$(awk 'NR==2 {print $7}' "$roi")
    roi_mapq=$(awk 'NR==2 {print $9}' "$roi")

    # Mean Q30 depth across chr12
    chr12_depth=$(awk '$1=="OZ038003.1" {print $7}' "$q30_file")

    # Length-weighted genome-wide Q30 depth
    genome_q30_depth=$(awk '
        NR > 1 {
            len = $3 - $2 + 1
            weighted_depth += $7 * len
            total_length += len
        }
        END {
            if (total_length > 0)
                print weighted_depth / total_length
            else
                print "NA"
        }
    ' "$q30_file")

    # Length-weighted genome-wide RAW depth
    genome_raw_depth=$(awk '
        NR > 1 {
            len = $3 - $2 + 1
            weighted_depth += $7 * len
            total_length += len
        }
        END {
            if (total_length > 0)
                print weighted_depth / total_length
            else
                print "NA"
        }
    ' "$raw_file")

    # ROI Q30 depth / chr12 Q30 depth
    roi_chr12_ratio=$(awk -v r="$roi_depth" -v c="$chr12_depth" '
        BEGIN {
            if (c > 0) print r/c
            else print "NA"
        }
    ')

    # ROI Q30 depth / genome-wide Q30 depth
    roi_genome_ratio=$(awk -v r="$roi_depth" -v g="$genome_q30_depth" '
        BEGIN {
            if (g > 0) print r/g
            else print "NA"
        }
    ')

    echo -e "${sample}\t${roi_depth}\t${chr12_depth}\t${genome_q30_depth}\t${genome_raw_depth}\t${roi_chr12_ratio}\t${roi_genome_ratio}\t${roi_mapq}"

done >> all_samples_ROI_coverage_analysis.txt
```

```bash

```
cat all_samples_ROI_coverage_analysis_sorted.txt
sample	ROI_Q30_depth	chr12_Q30_depth	genome_Q30_depth	genome_raw_depth	ROI_chr12_ratio	ROI_genomeQ30_ratio	ROI_mapq
P-rus_079_S30	260.279	8.29139	7.08797	10.7038	31.3915	36.7212	59.1
P-rus_280_S180	88.051	3.5714	3.13901	4.36387	24.6545	28.0506	59.2
P-rus_282_S89	259.964	11.5391	10.1482	14.2993	22.529	25.6168	59.2
P-rus_273_S85	312.807	13.899	12.1884	17.2919	22.5057	25.6643	59.3
P-rus_288_S95	323.624	14.8756	13.3322	18.5693	21.7554	24.2739	59.3
P-rus_294_S100	489.555	22.6163	19.9057	27.5922	21.6461	24.5937	59.3
P-rus_281_S181	67.0843	3.11678	2.70526	3.72975	21.5236	24.7977	59.3
P-rus_391_S160	342.947	16.7039	14.595	20.4473	20.531	23.4976	59.2
P-rus_397_S162	278.905	13.8397	12.3163	17.2515	20.1525	22.6452	59.2
P-rus_312_S116	314.134	16.3971	14.6653	20.7324	19.1579	21.4202	59.2
P-rus_264_S175	293.233	15.4038	13.4691	19.1573	19.0364	21.7708	59.2
P-rus_345_S138	237.864	12.8517	11.3948	16.1808	18.5084	20.8748	59.3
P-rus_083_S34	255.152	14.014	12.3442	17.4474	18.2069	20.6698	59.2
P-rus_295_S101	162.756	9.96601	9.08275	13.2368	16.3311	17.9192	59.2
P-rus_137_S165	185.362	12.1034	10.7403	14.9919	15.3149	17.2585	59.2
P-rus_289_S96	204.267	13.3609	12.0588	16.8183	15.2884	16.9392	59.2
P-rus_377_S209	163.908	10.781	9.77498	14.0013	15.2034	16.7681	59.2
P-rus_310_S114	274.329	18.2095	16.1683	22.6353	15.0652	16.9671	59.3
P-rus_285_S92	322.188	21.4805	18.9859	26.52	14.9991	16.9699	59.3
P-rus_293_S99	195.229	13.3952	12.3018	17.3157	14.5745	15.87	59.2
P-rus_239_S172	152.604	10.48	9.40372	13.0516	14.5615	16.228	59.3
P-rus_236_S70	240.216	16.8091	14.7435	20.9369	14.2908	16.293	59.2
P-rus_319_S187	64.4796	4.99254	4.54973	6.31382	12.9152	14.1722	59.2
P-rus_290_S97	190.597	14.8122	13.0163	18.2653	12.8676	14.6429	59.2
P-rus_381_S156	119.292	11.4856	10.4178	14.7796	10.3862	11.4508	59.2
P-rus_331_S126	145.351	14.8987	13.6988	19.047	9.75595	10.6105	59.2
P-rus_353_S199	126.036	13.4103	12.0446	17.0825	9.39845	10.4641	59.2
P-rus_134_S36	87.2614	10.4283	9.48079	13.7923	8.36775	9.20402	59.2
P-rus_316_S118	89.4349	12.6381	12.0835	17.5048	7.07661	7.40141	59.3
P-rus_321_S120	82.9896	12.014	11.1048	15.9839	6.90774	7.47331	59.2
P-rus_382_S212	51.788	8.92281	8.13894	11.3488	5.804	6.36299	59.2
P-rus_379_S211	54.5535	14.8093	13.8814	19.6302	3.68373	3.92997	59.1
P-rus_394_S219	13.0432	9.25935	8.75772	12.3647	1.40865	1.48934	59
P-rus_305_S109	16.918	12.0888	11.4507	15.983	1.39948	1.47746	58.9
P-rus_395_S220	10.8255	7.77299	7.24618	10.2303	1.39271	1.49396	59
P-rus_392_S217	16.2519	11.9234	11.1353	15.8404	1.36303	1.45949	59
P-rus_355_S201	13.3082	9.81614	9.13314	13.1516	1.35575	1.45713	59
P-rus_080_S31	19.8883	14.6777	13.6264	19.0277	1.355	1.45954	59.1
P-rus_284_S91	24.3131	17.9466	16.9452	23.4187	1.35475	1.43481	59.1
P-rus_233_S67	23.7989	17.6193	16.4673	23.3324	1.35073	1.44522	59.1
P-rus_265_S79	21.9431	16.3521	15.2494	21.2307	1.34191	1.43895	59.2
P-rus_301_S105	23.9688	17.8968	16.8593	24.2546	1.33928	1.4217	59.1
P-rus_346_S139	24.9395	18.7249	17.7068	24.695	1.33189	1.40847	58.7
P-rus_389_S158	18.7143	14.1051	12.9142	18.1349	1.32678	1.44913	58.8
P-rus_238_S171	10.0792	7.61602	7.11345	9.85112	1.32342	1.41692	59
P-rus_081_S32	28.154	21.3076	20.0844	28.6372	1.32131	1.40178	59
P-rus_199_S56	16.7987	12.7408	12.0786	17.2356	1.3185	1.39078	58.9
P-rus_360_S202	15.5052	11.7786	11.0023	15.2722	1.31639	1.40927	59.1
P-rus_171_S51	12.548	9.54075	8.99381	12.8137	1.3152	1.39518	59
P-rus_268_S81	19.5882	14.9004	14.021	19.3842	1.31461	1.39706	59.1
P-rus_228_S169	3.03547	2.30947	2.19693	3.00701	1.31436	1.38169	59.1
P-rus_344_S137	19.5488	14.8777	13.9189	19.2263	1.31397	1.40448	58.8
P-rus_304_S108	20.4386	15.5578	14.6866	20.4708	1.31372	1.39165	59.1
P-rus_272_S177	21.009	16.0031	14.9484	21.6092	1.31281	1.40543	58.9
P-rus_223_S61	17.2557	13.172	12.4317	17.6364	1.31003	1.38804	59.2
P-rus_315_S117	10.4315	7.96675	7.56288	10.5472	1.30938	1.3793	58.9
P-rus_325_S121	23.4074	17.8875	16.6833	23.1728	1.30859	1.40304	59
P-rus_303_S107	24.4592	18.7311	17.7185	24.767	1.30581	1.38043	58.9
P-rus_237_S170	15.9694	12.2468	11.4771	16.087	1.30397	1.39141	59
P-rus_320_S188	15.1021	11.5935	10.9737	15.2496	1.30264	1.37621	58.9
P-rus_077_S28	14.3891	11.1294	10.5043	14.9793	1.29289	1.36983	59.1
P-rus_387_S157	15.3223	11.8682	11.2172	15.9306	1.29104	1.36596	59
P-rus_322_S189	13.3208	10.3225	9.70061	13.6806	1.29046	1.37319	58.9
P-rus_396_S161	14.6444	11.3524	10.6927	15.069	1.28998	1.36957	58.8
P-rus_333_S193	17.2397	13.373	12.4982	17.4483	1.28914	1.37937	59
P-rus_140_S41	17.0426	13.2234	12.2047	17.3545	1.28882	1.3964	58.9
P-rus_318_S119	21.127	16.4018	15.2719	21.305	1.28809	1.38339	58.9
P-rus_267_S176	12.0459	9.36113	8.90418	12.672	1.2868	1.35284	58.7
P-rus_198_S55	16.5388	12.8591	12.2184	17.1743	1.28616	1.3536	58.9
P-rus_022_S25	16.2896	12.694	11.9509	17.1509	1.28325	1.36304	59.1
P-rus_375_S207	5.87501	4.58158	4.23404	5.98148	1.28231	1.38757	59.2
P-rus_385_S215	11.5422	9.00899	8.49511	12.1587	1.28119	1.35869	59
P-rus_350_S197	12.7731	9.99093	9.37226	13.3097	1.27847	1.36286	59.1
P-rus_339_S132	24.4166	19.1098	17.7909	25.3021	1.2777	1.37242	58.7
P-rus_277_S88	23.8672	18.689	17.4015	24.0172	1.27707	1.37156	59
P-rus_358_S144	18.948	14.8666	13.9325	19.179	1.27453	1.35999	58.9
P-rus_172_S52	16.2875	12.7809	12.0244	16.9851	1.27436	1.35454	59
P-rus_335_S129	15.2557	11.9874	10.987	15.6126	1.27264	1.38852	58.6
P-rus_286_S93	21.2124	16.67	15.5204	21.7745	1.27249	1.36674	58.7
P-rus_242_S73	22.1253	17.3995	16.2605	22.6221	1.27161	1.36068	59.1
P-rus_378_S210	13.717	10.7887	9.90072	13.9156	1.27142	1.38545	59
P-rus_323_S190	18.1294	14.2625	13.3331	18.8224	1.27112	1.35973	58.9
P-rus_352_S141	35.8337	28.1977	26.425	36.9207	1.2708	1.35605	59
P-rus_327_S122	20.8912	16.4543	15.2652	21.1304	1.26965	1.36855	58.9
P-rus_357_S143	21.8953	17.2473	15.9549	22.3615	1.26949	1.37232	58.7
P-rus_328_S123	23.8984	18.8397	17.6862	24.6055	1.26851	1.35125	58.8
P-rus_283_S90	19.1281	15.0904	14.0819	19.6455	1.26757	1.35835	59.1
P-rus_365_S149	18.9866	14.9871	13.917	19.7556	1.26686	1.36427	58.8
P-rus_337_S194	11.8736	9.37786	8.77084	12.1305	1.26613	1.35376	58.9
P-rus_399_S222	14.6624	11.5828	10.6159	14.969	1.26588	1.38117	59
P-rus_270_S83	19.8064	15.6494	14.6969	20.4889	1.26563	1.34766	59.1
P-rus_336_S130	17.5786	13.9466	12.9981	17.8763	1.26042	1.3524	59
P-rus_364_S148	14.5233	11.5311	10.8176	15.5063	1.25949	1.34256	58.8
P-rus_231_S65	18.709	14.866	13.9628	19.8168	1.25851	1.33992	59.1
P-rus_343_S136	25.8521	20.5479	19.5304	27.3295	1.25814	1.32369	58.7
P-rus_240_S71	19.696	15.6556	14.6312	20.3413	1.25808	1.34616	59.1
P-rus_203_S60	15.6811	12.4893	11.8824	16.8656	1.25556	1.31969	59
P-rus_266_S80	18.6714	14.8731	13.9205	19.3872	1.25538	1.34129	59
P-rus_174_S53	16.4477	13.1101	12.1909	17.3465	1.25458	1.34918	58.9
P-rus_366_S150	28.4275	22.6764	21.618	31.3535	1.25362	1.31499	58.8
P-rus_297_S102	17.3151	13.8125	13.0992	18.4647	1.25358	1.32184	58.8
P-rus_367_S151	17.1017	13.6425	12.6554	17.7766	1.25356	1.35134	59.1
P-rus_348_S196	18.808	15.0142	14.0581	19.5148	1.25268	1.33788	59
P-rus_105_S35	15.6369	12.4999	11.8569	16.6833	1.25096	1.3188	59.1
P-rus_370_S152	24.3911	19.5031	18.359	26.3853	1.25063	1.32856	59
P-rus_082_S33	13.1631	10.5405	9.87229	14.2572	1.24881	1.33334	59
P-rus_309_S113	17.9906	14.4307	13.2352	18.4753	1.24669	1.3593	59.1
P-rus_374_S206	7.6883	6.16993	5.78597	8.13017	1.24609	1.32878	59
P-rus_200_S57	15.3029	12.2992	11.7675	16.5218	1.24422	1.30044	58.9
P-rus_245_S76	18.3225	14.7717	13.7653	19.2737	1.24038	1.33106	59
P-rus_163_S43	17.4753	14.1139	13.0461	18.893	1.23816	1.3395	59.1
P-rus_235_S69	15.2937	12.3678	11.8284	16.616	1.23657	1.29296	59.1
P-rus_169_S49	16.6232	13.4468	12.5486	17.7067	1.23622	1.32471	58.8
P-rus_269_S82	17.2816	14.0042	13.072	18.2657	1.23403	1.32203	58.7
P-rus_139_S40	19.0034	15.4016	14.6963	20.7622	1.23386	1.29307	59
P-rus_341_S134	23.7338	19.2372	17.863	24.875	1.23375	1.32866	59
P-rus_243_S74	17.9798	14.5782	13.8026	19.3492	1.23333	1.30264	59.1
P-rus_232_S66	14.8097	12.0165	11.2465	16.0242	1.23245	1.31683	59.1
P-rus_362_S146	10.1975	8.27623	7.65217	10.8482	1.23214	1.33263	58.8
P-rus_258_S77	25.0276	20.3278	18.828	26.2048	1.2312	1.32928	59.1
P-rus_368_S203	13.2006	10.7553	9.98483	14.2301	1.22736	1.32207	58.9
P-rus_326_S192	17.4312	14.2464	13.3166	18.5798	1.22355	1.30898	59
P-rus_234_S68	15.3215	12.524	11.8811	16.7488	1.22337	1.28957	59
P-rus_023_S26	23.0155	18.8347	17.1417	24.585	1.22197	1.34266	58.9
P-rus_244_S75	19.7345	16.1963	15.0628	20.8343	1.21846	1.31015	59
P-rus_317_S186	5.49252	4.51008	4.24834	5.97502	1.21783	1.29286	59
P-rus_361_S164	12.0125	9.86956	9.09222	13.0814	1.21713	1.32118	58.3
P-rus_135_S37	13.5152	11.1107	10.6086	15.3581	1.21641	1.27399	59
P-rus_324_S191	17.6144	14.4818	13.787	19.2094	1.21631	1.27761	58.8
P-rus_271_S84	16.8671	13.8716	12.9651	18.1594	1.21594	1.30096	59
P-rus_170_S50	13.6562	11.2392	10.5803	14.9607	1.21505	1.29072	58.9
P-rus_332_S127	30.7073	25.2752	23.6333	34.7692	1.21492	1.29932	58.7
P-rus_138_S39	13.8234	11.3781	10.629	14.9544	1.21491	1.30054	59
P-rus_201_S58	17.4538	14.367	13.5582	19.1641	1.21485	1.28732	59
P-rus_299_S103	14.5106	11.9525	11.3933	16.2774	1.21402	1.27361	59
P-rus_259_S173	13.4594	11.1245	10.4688	14.9262	1.20989	1.28567	58.8
P-rus_197_S54	17.0118	14.0736	13.1003	18.4667	1.20877	1.29858	59.1
P-rus_330_S125	19.3863	16.0536	15.0602	21.0517	1.2076	1.28725	58.9
P-rus_274_S86	14.0056	11.6161	10.8047	15.4179	1.20571	1.29625	58.9
P-rus_371_S153	22.2923	18.532	17.2531	25.3896	1.20291	1.29208	59
P-rus_376_S208	13.1518	10.9521	10.4999	14.8052	1.20085	1.25256	59
P-rus_260_S174	16.0835	13.415	12.7475	17.8205	1.19892	1.2617	59
P-rus_229_S63	15.649	13.0756	12.3816	17.3346	1.19681	1.26389	58.9
P-rus_300_S104	10.817	9.04057	8.33806	12.0293	1.1965	1.2973	58.6
P-rus_380_S155	15.9842	13.3608	12.437	17.6025	1.19635	1.28521	58.9
P-rus_363_S147	11.2215	9.43161	8.90686	12.5319	1.18978	1.25987	59
P-rus_302_S106	23.2619	19.5601	18.2103	25.603	1.18925	1.2774	58.7
P-rus_334_S128	25.303	21.327	19.6321	27.5095	1.18643	1.28886	58.9
P-rus_296_S163	21.1094	17.8181	16.5039	22.789	1.18472	1.27906	58.9
P-rus_390_S159	17.3135	14.6211	13.8283	19.2651	1.18414	1.25203	59
P-rus_202_S59	14.4942	12.2644	11.3425	16.2519	1.18181	1.27787	59
P-rus_078_S29	13.3274	11.3107	10.2537	14.6293	1.1783	1.29976	59
P-rus_383_S213	9.70778	8.31818	7.86213	11.2569	1.16706	1.23475	59.1
P-rus_261_S78	14.4817	12.4096	11.5316	16.1744	1.16698	1.25583	58.9
P-rus_278_S178	2.83371	2.48727	2.33491	3.28173	1.13929	1.21363	58.7
P-rus_393_S218	6.09762	5.36954	4.97486	6.9606	1.13559	1.22569	59
P-rus_227_S168	2.42003	2.14433	1.99953	2.84181	1.12857	1.2103	58.8
P-rus_225_S166	12.7903	11.8209	10.9441	15.26	1.08201	1.16869	59.1
P-rus_351_S198	12.4915	12.244	11.5052	16.3572	1.02021	1.08573	58.8
````
